23	29811	18386	1762
24	28294	16457	2005
25	28695	17152	1944
26	29688	20738	8225
27	23754	15155	7371
28	20461	11787	6167
29	20040	11529	5568
30	24390	13450	4491
31	29631	18572	7626
32	32131	19886	8455
33	31667	20040	8390
34	39193	25196	7138
35	38659	25036	9662
36	37335	26217	9780
37	51127	33129	13365
38	60162	40669	18774
39	66238	44486	20969
40	72552	49000	21726
41	86602	58405	20803
42	104565	70278	23294
43	105339	70198	23741
44	110799	74731	32887
45	119188	85863	38569
46	132995	94838	40748
47	172370	124073	53247
48	111742	66575	14157
49	218763	143278	37964
50	115319	77605	37752
51	132286	91963	45712
52	116260	82913	48441
53	90504	66017	49794
1	125751	87613	47868
2	164676	106474	50530
3	182791	108628	54410
4	189656	127187	62542
5	302325	215680	87981
6	408882	292854	102433
7	443412	311918	122380
8	472423	319936	126156
9	476268	317696	127558
10	442044	295352	117984
11	47420	35676	22288
12	520029	367366	156552
13	341084	245568	91532
14	212833	165348	79866
15	90701	65015	24542
16	477265	356574	153907
17	444428	320537	147655
18	272497	186533	109523
19	384813	281356	136370
20	412028	292871	137214
21	2	1	1
22	368770	262175	122528
23	463801	326609	134560
24	17	10	0
25	467019	316485	124076
26	326938	209504	79866
27	80959	53929	27666
28	435415	272398	105928
29	405337	245341	96563
30	282544	162324	63009
31	3	0	0
32	2	1	1
33	160959	90125	44702
34	310362	168755	75014
35	16821	8437	4140
# EOF: no=54959 nono=24813 onno=8139 week=35 last_dow=2 last_time=19950627
